1000	51197	21
1001	12554	24
1002	4517	221
1003	2502	398
1004	2908	343
1005	11181	89
1006	1185	836
1007	2851	349
1008	3185	313
1009	9691	103
1010	4066	245
1011	4586	217
1012	5986	166
1013	5846	170
1014	9208	108
1015	2661	373
1016	1378	717
1017	5739	173
1018	3192	311
1019	2257	439
1020	8869	112
1021	7259	137
1022	7255	137
1023	5017	198
1024	4429	224
1025	13055	76
1026	7004	142
1027	1869	530
1028	3507	282
1029	2583	335
1030	1232	799
1031	2879	343
1032	3062	283
1033	4361	227
1034	1495	660
1035	827	1184
1036	3097	319
1037	1334	732
1038	2536	386
1039	2526	388
1040	979	994
1041	429	2240
1042	1260	775
1043	665	1459
1044	8539	115
1045	1752	552
1046	552	1730
1047	3753	259
1048	5441	178
1049	4147	234
1050	745	1290
1051	2293	422
1052	4414	220
1053	3571	271
1054	1704	566
1055	2788	347
1056	1896	509
1057	1218	790
1058	246	3813
1059	1808	534
1060	2822	325
1061	1734	528
1062	537	1689
1063	443	2032
1064	1769	518
1065	710	1279
1066	1978	463
1067	1363	671
1068	18179	51
1069	1724	517
1070	1595	558
1071	1672	533
1072	1716	519
1073	5184	173
1074	390	2240
1075	870	1018
1076	1402	632
1077	737	436
1078	2251	392
1079	7382	120
1080	3229	274
1081	3379	262
1082	7955	110
1083	10622	83
1084	5764	152
1085	1602	546
1086	6478	136
1087	3344	262
1088	1427	612
1089	2182	401
1090	2250	370
1091	1755	474
1092	391	2086
1093	432	1892
1094	2213	376
1095	1785	466
1096	1352	614
1097	643	1281
1098	1697	469
1099	475	1562
1100	5209	62
1101	602	527
1102	1646	195
1103	632	502
1104	3009	107
1105	398	790
1106	3243	99
1107	809	394
1108	1308	247
1109	1108	291
1110	5245	62
1111	778	413
1112	1595	203
1113	1332	242
1114	1610	201
1115	841	382
1116	1277	253
1117	1133	285
1118	2796	116
1119	2666	122
1120	3619	90
1121	1064	303
1122	1384	234
1123	2755	118
1124	966	334
1125	1461	222
1126	2367	137
1127	1059	305
1128	734	438
1129	708	454
1130	315	1003
1131	4248	77
1132	367	866
1133	1564	207
1134	1718	189
1135	1937	168
1136	2694	121
1137	818	394
1138	1677	193
1139	3594	91
1140	943	342
1141	767	420
1142	2305	141
1143	600	536
1144	175	1766
1145	673	478
1146	2683	121
1147	354	898
1148	145	2108
1149	4527	72
1150	1397	233
1151	342	929
1152	1296	250
1153	1010	321
1154	385	828
1155	639	504
1156	877	369
1157	1984	164
1158	592	544
1159	460	696
1160	807	411
1161	3387	96
1162	640	503
1163	164	1881
1164	1799	181
1165	422	758
1166	94	3297
1167	1670	195
1168	456	703
1169	426	751
1170	209	1495
1171	224	1399
1172	518	620
1173	378	844
1174	535	601
1175	348	919
1176	764	425
1177	246	1285
1178	2108	155
1179	1239	263
1180	3449	95
1181	780	416
1182	633	512
1183	1264	259
1184	1127	290
1185	907	359
1186	513	629
1187	165	1882
1188	160	1937
1189	735	442
1190	1015	321
1191	1380	237
1192	2689	122
1193	1773	185
1194	3770	87
1195	1225	267
1196	4504	73
1197	8670	38
1198	530	659
1199	67	3844
1200	1536	213
1201	1180	277
1202	792	411
1203	2469	133
1204	1271	257
1205	1191	274
1206	2735	120
1207	1609	204
1208	1670	196
1209	6481	52
1210	1901	175
1211	1172	283
1212	680	485
1213	1957	170
1214	3191	105
1215	1029	322
1216	171	1850
1217	856	387
1218	912	363
1219	2654	126
1220	1120	296
1221	720	459
1222	2380	140
1223	846	391
1224	4140	81
1225	5402	62
1226	2692	124
1227	910	364
1228	3169	105
1229	870	381
1230	466	704
1231	162	1948
1232	158	1994
1233	383	855
1234	514	641
1235	456	721
1236	710	466
1237	346	948
1238	585	565
1239	117	2644
1240	236	1365
1241	211	1522
1242	1244	269
1243	5324	63
1244	993	337
1245	388	849
1246	866	386
1247	1391	241
1248	523	634
1249	1615	208
1250	442	748
1251	217	1489
1252	721	462
1253	528	628
1254	481	689
1255	1268	265
1256	153	2074
1257	190	1714
1258	736	459
1259	903	375
1260	2235	153
1261	899	377
1262	998	340
1263	5882	58
1264	8972	38
1265	241	1367
1266	233	1412
1267	151	2131
1268	389	860
1269	382	875
1270	151	2131
1271	66	4514
1272	1390	245
1273	684	494
1274	468	718
1275	153	2106
1276	370	904
1277	329	1013
1278	377	887
1279	892	381
1280	1675	204
1281	255	1296
1282	914	372
1283	2497	138
1284	147	2202
1285	364	924
1286	452	748
1287	771	443
1288	168	1942
1289	855	400
1290	4103	84
1291	786	435
1292	958	357
1293	11961	29
1294	1047	327
1295	2184	158
1296	2715	127
1297	3000	115
1298	1352	254
1299	233	1424
1300	133	2422
1301	496	684
1302	1054	325
1303	1110	309
1304	191	1723
1305	475	714
1306	1765	195
1307	286	1171
1308	134	2407
1309	553	616
1310	262	1274
1311	344	979
1312	122	2626
1313	6945	50
1314	613	556
1315	151	2153
1316	587	581
1317	308	1090
1318	236	1409
1319	6566	53
1320	879	390
1321	282	1187
1322	664	514
1323	369	915
1324	411	823
1325	536	635
1326	599	569
1327	5717	61
1328	262	1288
1329	632	546
1330	2994	117
1331	334	1018
1332	507	678
1333	1403	248
1334	668	517
1335	1855	188
1336	2493	140
1337	209	1600
1338	196	1711
1339	324	1056
1340	72	4300
1341	316	1081
1342	363	945
1343	671	518
1344	70	4407
1345	236	1433
1346	858	406
1347	217	1555
1348	1583	222
1349	5375	66
1350	785	444
1351	592	587
1352	2436	144
1353	2373	148
1354	1754	200
1355	1347	260
1356	822	424
1357	293	1165
1358	522	665
1359	285	1197
1360	256	1329
1361	143	2311
1362	516	672
1363	31	8624
1364	393	877
1365	58	5200
1366	669	521
1367	109	2972
1368	152	2183
1369	11	16837
1370	3336	106
1371	454	768
1372	50	5923
1373	405	856
1374	22	11105
1375	576	606
1376	32	8461
1377	1198	294
1378	173	1942
1379	430	809
1380	66	4677
1381	80	3949
1382	165	2031
1383	16	13671
1384	54	5554
1385	1418	249
1386	269	1274
1387	183	1842
1388	8	19747
1389	561	623
1390	19	12257
1391	57	5305
1392	534	653
1393	220	1521
1394	4	25391
1395	90	3286
1396	144	2123
1397	117	2433
1398	266	1081
1399	13	12862
1400	673	520
1401	704	498
1402	2355	150
1403	942	373
1404	3858	92
1405	470	740
1406	1033	341
1407	877	401
1408	284	1209
1409	11433	31
1410	704	495
1411	111	2921
1412	244	1391
1413	1943	181
1414	574	605
1415	26	9812
1416	676	515
1417	184	1822
1418	352	976
1419	219	1543
1420	198	1699
1421	537	620
1422	338	974
1423	1480	228
1424	413	801
1425	178	1803
1426	62	4707
1427	756	442
1428	699	478
1429	90	3389
1430	589	566
1431	918	363
1432	32	8024
1433	1344	249
1434	411	800
1435	325	1006
1436	315	1037
1437	515	642
1438	89	3404
1439	509	642
1440	487	670
1441	204	1556
1442	104	2921
1443	525	623
1444	262	1224
1445	578	566
1446	3074	108
1447	256	1252
1448	575	569
1449	201	1561
1450	816	399
1451	318	1004
1452	480	672
1453	276	1152
1454	121	2514
1455	160	1938
1456	389	826
1457	4266	77
1458	283	1124
1459	153	1929
1460	52	5072
1461	301	1011
1462	344	888
1463	341	896
1464	59	4557
1465	395	776
1466	79	3533
1467	223	1350
1468	396	761
1469	141	2045
1470	792	385
1471	842	362
1472	231	1281
1473	49	5234
1474	452	668
1475	43	5827
1476	177	1651
1477	85	3251
1478	55	4751
1479	32	7352
1480	784	387
1481	131	2178
1482	98	2844
1483	899	338
1484	368	812
1485	186	1567
1486	374	800
1487	231	1274
1488	170	1706
1489	762	397
1490	1306	233
1491	1331	228
1492	172	1682
1493	4748	64
1494	980	309
1495	618	488
1496	4466	68
1497	1067	284
1498	359	830
1499	217	1349
1500	503	593
1501	880	342
1502	3454	88
1503	143	1989
1504	128	2206
1505	95	2899
1506	1793	169
1507	711	422
1508	167	1720
1509	76	3539
1510	3003	101
1511	275	1046
1512	386	753
1513	640	459
1514	132	2099
1515	1422	208
1516	179	1577
1517	631	465
1518	294	980
1519	556	527
1520	91	2951
1521	669	439
1522	136	1985
1523	590	484
1524	10	14490
1525	575	495
1526	175	1567
1527	189	1456
1528	1088	264
1529	54	4528
1530	333	845
1531	220	1260
1532	143	1884
1533	196	1399
1534	500	565
1535	635	447
1536	27	7789
1537	1038	275
1538	209	1316
1539	296	942
1540	189	1448
1541	129	2073
1542	353	777
1543	117	2220
1544	223	1210
1545	4179	67
1546	196	1369
1547	344	797
1548	28	7421
1549	121	2153
1550	500	553
1551	958	291
1552	208	1206
1553	332	769
1554	445	578
1555	11	12515
1556	16	10109
1557	105	2286
1558	361	710
1559	68	3370
1560	235	1073
1561	94	2527
1562	696	370
1563	3373	77
1564	409	623
1565	178	1389
1566	83	2808
1567	4876	53
1568	163	1509
1569	222	1126
1570	243	1032
1571	680	378
1572	1519	170
1573	2256	115
1574	697	368
1575	268	936
1576	1768	146
1577	430	592
1578	290	868
1579	532	480
1580	263	953
1581	4806	54
1582	2227	116
1583	153	1586
1584	208	1186
1585	4457	58
1586	1192	215
1587	353	712
1588	775	329
1589	3	19887
1590	766	333
1591	258	965
1592	447	567
1593	222	878
1594	36	4146
1595	147	1213
1596	7	4965
1600	439	542
1601	2525	96
1602	605	396
1603	1003	240
1604	714	336
1605	456	522
1606	381	622
1607	3542	69
1608	309	752
1609	90	2399
1610	119	1860
1611	317	734
1612	1722	139
1613	1092	218
1614	353	661
1615	149	1509
1616	69	3037
1617	3327	72
1618	34	5077
1619	386	564
1620	164	1284
1621	29	5728
1622	64	3019
1623	67	2901
1624	24	6570
1625	253	849
1626	14	9308
1627	171	1234
1628	437	486
1629	341	618
1630	246	848
1631	658	325
1632	58	3191
1633	347	608
1634	116	1722
1635	811	265
1636	3231	67
1637	73	2615
1638	2460	88
1639	4882	44
1640	1193	179
1641	497	425
1642	2222	97
1643	433	486
1644	2074	103
1645	1194	179
1646	312	669
1647	250	828
1648	672	316
1649	24	6312
1650	368	569
1651	558	378
1652	86	2235
1653	19	7400
1654	2618	82
1655	91	2125
1656	1249	170
1657	187	1089
1658	663	319
1659	375	557
1660	23	6333
1661	33	4860
1662	27	5648
1663	70	2612
1664	65	2786
1665	557	369
1666	194	1024
1667	99	1917
1668	22	6530
1669	164	1201
1670	120	1589
1671	842	242
1672	10	10328
1673	82	2245
1674	21	6664
1675	93	2006
1676	129	1486
1677	98	1913
1678	16	7945
1679	210	939
1680	1073	186
1681	63	2753
1682	343	569
1683	1614	124
1684	690	288
1685	1220	164
1686	172	1104
1687	215	893
1688	1545	129
1689	290	670
1690	336	576
1691	52	3217
1692	662	297
1693	10	9971
1694	61	2809
1695	51	3269
1696	191	992
1697	36	4335
1698	347	559
1699	152	1231
1700	490	394
1701	345	555
1702	107	1684
1703	89	1990
1704	79	2214
1705	250	758
1706	300	636
1707	93	1913
1708	8	10944
1709	963	203
1710	371	519
1711	1525	115
1712	2299	76
1713	293	581
1714	62	2445
1715	217	776
1716	201	834
1717	51	2886
1718	753	231
1719	116	1397
1720	214	786
1721	340	503
1722	191	872
1723	2322	75
1724	260	649
1725	1350	129
1726	708	244
1727	1115	156
1728	434	395
1729	408	419
1730	192	868
1731	1834	95
1732	420	404
1733	39	3543
1734	109	1459
1735	62	2412
1736	125	1286
1737	867	198
1738	225	739
1739	71	2144
1740	1277	135
1741	567	301
1742	491	329
1743	169	920
1744	75	1937
1745	121	1256
1746	110	1372
1747	122	1247
1748	521	310
1749	90	1646
1750	140	1097
1751	48	2838
1752	308	518
1753	525	298
1754	335	462
1755	228	669
1756	1075	147
1757	82	1732
1758	63	2182
1759	498	314
1760	264	581
1761	158	948
1762	106	1373
1763	24	4594
1764	93	1517
1765	33	3632
1766	129	1124
1767	311	487
1768	180	822
1769	1032	150
1770	104	1370
1771	28	4110
1772	212	704
1773	267	564
1774	390	343
1775	208	629
1776	301	441
1777	1357	100
1778	29	3513
1779	620	217
1780	212	617
1781	77	1575
1782	86	1427
1783	440	304
1784	143	896
1785	5738	24
1786	1551	87
1787	3736	36
1788	1105	122
1789	867	155
1790	126	1002
1791	143	891
1792	1838	74
1793	469	285
1794	885	152
1795	650	206
1796	1546	88
1797	10	3250
1800	831	160
1801	25	3852
1802	98	1248
1803	277	470
1804	501	264
1805	214	602
1806	265	490
1807	80	1498
1808	105	1172
1809	322	406
1810	36	2723
1811	112	1027
1812	65	1670
1813	127	914
1814	44	2319
1815	33	2913
1816	68	1606
1817	177	670
1818	84	1332
1819	12	5693
1820	3788	32
1821	960	124
1822	251	461
1823	540	219
1824	171	665
1825	186	614
1826	570	207
1827	146	771
1828	406	289
1829	46	2148
1830	189	586
1831	70	1450
1832	206	537
1833	45	2109
1834	30	2900
1835	35	2578
1836	146	744
1837	1481	78
1838	276	407
1839	60	1657
1840	8	6444
1841	57	1518
1842	11	4842
1843	12	4622
1844	101	916
1845	33	2364
1846	409	243
1847	25	2905
1848	11	4842
1849	54	1589
1850	45	1849
1851	54	1579
1852	45	1838
1853	9	5319
1854	338	290
1855	81	1111
1856	19	3485
1857	123	760
1858	25	2888
1859	38	2106
1860	260	374
1861	194	496
1862	120	767
1863	114	804
1864	697	141
1865	39	2034
1866	212	449
1867	52	1607
1868	883	112
1869	641	153
1870	213	447
1871	245	391
1872	144	647
1873	1011	97
1874	560	174
1875	153	607
1876	1726	57
1877	3512	28
1878	759	129
1879	120	756
1880	2670	37
1881	1834	54
1882	43	1867
1883	130	707
1884	211	448
1885	562	171
1886	70	1220
1887	113	793
1888	281	335
1889	508	188
1890	199	467
1891	239	392
1892	216	432
1893	1673	58
1894	54	1525
1895	32	2323
1900	105	549
1901	201	299
1902	632	99
1903	112	518
1904	259	235
1905	79	709
1906	9	3323
1907	64	853
1908	45	1148
1909	10	3157
1910	1087	57
1911	18	2231
1912	97	584
1913	69	791
1914	18	2231
1915	378	161
1916	32	1487
1917	392	155
1918	118	488
1919	45	1136
1920	184	322
1921	92	606
1922	313	191
1923	202	291
1924	923	66
1925	684	89
1926	111	511
1927	82	672
1928	143	404
1929	285	209
1930	271	220
1931	364	163
1932	88	624
1933	226	259
1934	140	407
1935	493	122
1936	56	926
1937	44	1132
1938	15	2444
1939	106	527
1940	76	711
1941	181	446
1942	137	574
1943	74	1004
1944	321	256
1945	15	3373
1946	27	2279
1947	27	2279
1948	55	1297
1949	43	1591
1950	19	2908
